20230315
20230413
20230414
20230417
20230418
20230419
20230420
20230421
20230512
20230517
20230524
20230605
20230606
20230608
20230614
20230808
20230814
20230815
20230824
20230828
20230829
20230905
20230906
20230907
20230911
20230912
20230919
20230920
20230921
20230926
20231011
20231109
20240130
20240202
20240205
20240208
20240209
20240214
20240215
20240222
20240229
20240307
20240308
20240315
20240521
20240522
20240523
20240708
20240709
20240710
20240716
20240723
20240805
20240813
20240814
20240905
20240906
20250430
20250512
20250602
20250617